SRCC = SpearmanrResult(correlation=0.2528986596312344, pvalue=1.0758676354926212e-286)
MSE = 0.03310000151395798
LCC = (0.2593237288854761, 7.409265974917694e-302)
