SRCC = SpearmanrResult(correlation=0.06647367629739698, pvalue=0.052986870266079206)
MSE = 0.03869999945163727
LCC = (0.06974227152459495, 0.042315633830613444)
