SRCC = SpearmanrResult(correlation=0.12006635999024556, pvalue=1.4682216145962538e-48)
MSE = 0.06939999759197235
LCC = (0.1162259950171814, 1.3558649599477022e-45)
